              precision    recall  f1-score   support

        call     0.9790    0.9813    0.9801       427
        fist     0.9812    0.9905    0.9858       422
  no_gesture     0.9698    0.9553    0.9625       403
          ok     0.9859    0.9768    0.9814       431
         one     0.9751    0.9817    0.9784       438
        palm     0.9072    0.9114    0.9093       440
       peace     0.8088    0.7560    0.7815       414
        stop     0.9136    0.9200    0.9168       425
       three     0.9629    0.9651    0.9640       430
      two_up     0.7875    0.8302    0.8083       424

    accuracy                         0.9274      4254
   macro avg     0.9271    0.9268    0.9268      4254
weighted avg     0.9274    0.9274    0.9272      4254
