              precision    recall  f1-score   support

        call     0.9929    0.9883    0.9906       427
        fist     0.9812    0.9882    0.9847       422
  no_gesture     0.9776    0.9752    0.9764       403
          ok     0.9930    0.9838    0.9883       431
         one     0.9773    0.9840    0.9807       438
        palm     0.9773    0.9795    0.9784       440
       peace     0.8930    0.9275    0.9100       414
        stop     0.9766    0.9835    0.9801       425
       three     0.9765    0.9674    0.9720       430
      two_up     0.9340    0.9009    0.9172       424

    accuracy                         0.9680      4254
   macro avg     0.9680    0.9678    0.9678      4254
weighted avg     0.9682    0.9680    0.9681      4254
